=====================================

alpha = (0, 0, 0, 1)
P = [1, 0.1, 0.0075, 0.0007, 0.0001, 3.05e-05, 3.8e-06]

betas on 5 iteration:
((0, 1, 0, 1), 0.0006256103515625)
((0, 0, 0, 1), 0.00049591064453125)
((1, 0, 1, 1), 0.000408172607421875)
((0, 1, 1, 0), 0.00040435791015625)
((1, 0, 0, 0), 0.0003509521484375)
((1, 1, 0, 1), 0.0003509521484375)
((1, 0, 0, 1), 0.00031280517578125)

=====================================


alpha = [0, 0, 0, 3]
#       1    2       3       4       5         6
P = [1, 0.1, 0.0075, 0.005, 0.01, 0.001, 3.8e-06]

((0, 1, 1, 1), 0.28729248046875)
((0, 1, 0, 0), 0.25)
((0, 4, 0, 4), 0.25)
((1, 1, 1, 0), 0.18572998046875)
((1, 0, 0, 0), 0.1522216796875)
((0, 0, 1, 1), 0.150634765625)
((0, 1, 0, 1), 0.13037109375)
((0, 8, 0, 8), 0.129730224609375)
((0, 0, 0, 4), 0.125)
((4, 4, 0, 4), 0.125)
((4, 0, 0, 4), 0.125)
((4, 0, 4, 4), 0.125)
((0, 4, 4, 0), 0.125)
((4, 0, 0, 0), 0.125)
((0, 0, 0, 8), 0.09217071533203125)
((8, 0, 8, 8), 0.088623046875)
((8, 0, 0, 0), 0.088623046875)
((8, 8, 0, 8), 0.087982177734375)
((0, 8, 8, 0), 0.07835769653320312)
((8, 0, 0, 8), 0.064544677734375)
((8, 8, 8, 0), 0.060688018798828125)
((1, 0, 1, 0), 0.0533447265625)
((8, 0, 8, 0), 0.05170440673828125)
((0, 8, 8, 8), 0.037250518798828125)
((0, 5, 0, 5), 0.034332334995269775)


======================================


alpha = [0, 0, 0, 4]
#       1    2       3       4       5         6
P = [1, 0.1, 0.0075, 0.005, 0.01, 0.001, 3.8e-06]

((1, 1, 1, 0), 0.263671875)
((1, 0, 1, 0), 0.15234375)
((0, 1, 1, 1), 0.138671875)
((1, 1, 0, 1), 0.1265869140625)
((1, 0, 1, 1), 0.1265869140625)
((1, 0, 0, 0), 0.1265869140625)
((0, 0, 1, 1), 0.125)
((0, 8, 0, 8), 0.125)
((0, 0, 0, 8), 0.0859375)
((0, 8, 8, 0), 0.07421875)
((8, 8, 0, 8), 0.0625)
((8, 0, 0, 8), 0.0625)
((8, 0, 8, 8), 0.0625)
((8, 0, 0, 0), 0.0625)
((0, 10, 0, 10), 0.03228759765625)
((0, 3, 0, 3), 0.03125)
((0, 0, 0, 1), 0.0289306640625)
((8, 0, 8, 0), 0.0234375)
((0, 2, 0, 10), 0.016143798828125)
((8, 10, 0, 10), 0.016143798828125)
((8, 2, 0, 10), 0.016143798828125)
((8, 2, 8, 10), 0.016143798828125)
((0, 8, 0, 10), 0.016143798828125)
((2, 10, 0, 10), 0.016143798828125)
((2, 8, 0, 10), 0.016143798828125)


=======================================


alpha = [0, 0, 0, 15]
#       1    2       3       4       5         6
P = [1, 0.1, 0.0075, 0.005, 0.01, 0.001, 3.8e-06]

((1, 0, 1, 0), 0.1547393798828125)
((0, 1, 1, 0), 0.1402587890625)
((0, 1, 1, 1), 0.138671875)
((0, 1, 0, 1), 0.1305694580078125)
((1, 0, 0, 0), 0.1289825439453125)
((0, 0, 1, 1), 0.1273956298828125)
((1, 0, 0, 1), 0.1265869140625)
((0, 8, 0, 8), 0.12519073486328125)
((1, 1, 0, 0), 0.125)
((0, 0, 0, 8), 0.08603286743164062)
((0, 8, 8, 0), 0.07431411743164062)
((8, 8, 0, 8), 0.06259536743164062)
((8, 0, 0, 8), 0.06259536743164062)
((8, 0, 8, 8), 0.06259536743164062)
((8, 0, 0, 0), 0.06259536743164062)
((0, 5, 0, 5), 0.03537854552268982)
((0, 10, 0, 10), 0.03233528137207031)
((0, 6, 0, 6), 0.031768798828125)
((0, 3, 0, 3), 0.03129768371582031)
((0, 9, 0, 9), 0.03125)
((0, 12, 0, 12), 0.03125)


=========================================

alpha = [0, 0, 4, 0]
#       1    2       3       4       5         6
P = [1, 0.1, 0.0075, 0.005, 0.01, 0.001, 3.8e-06]

((2, 2, 2, 0), 0.26171875)
((2, 0, 2, 0), 0.1484375)
((0, 2, 2, 2), 0.13671875)
((0, 0, 2, 2), 0.125)
((2, 0, 2, 2), 0.125)
((2, 0, 0, 0), 0.125)
((2, 2, 0, 2), 0.125)
((0, 8, 0, 8), 0.0625)
((8, 0, 0, 8), 0.0625)
((8, 8, 8, 0), 0.0625)
((8, 8, 0, 0), 0.0625)
((0, 0, 0, 8), 0.0625)
((0, 0, 8, 0), 0.0625)
((0, 8, 8, 0), 0.0625)
((8, 0, 8, 8), 0.0625)
((0, 0, 0, 1), 0.0263671875)
((1, 0, 1, 0), 0.0234375)
((0, 0, 0, 2), 0.0234375)

========================================


alpha = [0, 0, 4, 0]
P = [0.01]*7

((2, 2, 2, 0), 0.26171875)
((2, 0, 2, 0), 0.1484375)
((0, 2, 2, 2), 0.13671875)
((0, 0, 2, 2), 0.125)
((2, 0, 2, 2), 0.125)
((2, 0, 0, 0), 0.125)
((2, 2, 0, 2), 0.125)
((0, 8, 0, 8), 0.0625)
((8, 0, 0, 8), 0.0625)
((8, 8, 8, 0), 0.0625)
((8, 8, 0, 0), 0.0625)
((0, 0, 0, 8), 0.0625)
((0, 0, 8, 0), 0.0625)
((0, 8, 8, 0), 0.0625)
((8, 0, 8, 8), 0.0625)
((0, 0, 0, 1), 0.0263671875)
((1, 0, 1, 0), 0.0234375)
((0, 0, 0, 2), 0.0234375)
((0, 1, 1, 0), 0.0146484375)
((1, 1, 1, 0), 0.01318359375)
((0, 1, 1, 1), 0.01171875)
((1, 1, 1, 1), 0.01171875)
((0, 2, 2, 0), 0.01171875)

===========================================

alpha = [7, 0, 0, 0]
P = [0.01]*7

((8, 0, 0, 8), 0.25)
((0, 8, 8, 0), 0.125)
((8, 8, 0, 0), 0.125)
((8, 8, 8, 8), 0.125)
((8, 0, 8, 8), 0.125)
((0, 0, 8, 8), 0.125)
((8, 8, 0, 8), 0.125)
((9, 0, 9, 0), 0.0625)
((8, 0, 8, 1), 0.0625)
((1, 0, 1, 8), 0.0625)
((0, 0, 0, 9), 0.0625)
((1, 1, 1, 1), 0.033203125)
((6, 0, 6, 0), 0.03143310546875)
((9, 8, 9, 0), 0.03125)
((8, 8, 8, 1), 0.03125)
((9, 1, 9, 0), 0.03125)
((8, 1, 9, 1), 0.03125)
((8, 1, 9, 0), 0.03125)
((9, 1, 9, 1), 0.03125)
((1, 1, 1, 8), 0.03125)
((0, 1, 1, 9), 0.03125)
((0, 1, 1, 8), 0.03125)
((1, 1, 1, 9), 0.03125)
((1, 8, 9, 8), 0.03125)
((0, 8, 8, 9), 0.03125)


==========================================


alpha = [9, 0, 0, 0]
P = [0.01]*7

((8, 8, 8, 8), 0.25)
((8, 0, 8, 8), 0.126708984375)
((8, 8, 0, 0), 0.125)
((0, 8, 8, 8), 0.125)
((8, 8, 8, 0), 0.125)
((8, 0, 8, 0), 0.125)
((0, 8, 0, 0), 0.125)
((4, 0, 4, 0), 0.125)
((0, 0, 0, 4), 0.125)
((4, 4, 4, 0), 0.0625)
((0, 4, 4, 4), 0.0625)
((0, 4, 4, 0), 0.0625)
((4, 4, 4, 4), 0.0625)
((1, 1, 1, 0), 0.046875)
((1, 1, 0, 1), 0.038147926330566406)
((10, 0, 10, 0), 0.034824490547180176)
((0, 0, 0, 10), 0.032718777656555176)
((2, 0, 2, 8), 0.031894803047180176)
((8, 0, 8, 2), 0.031894803047180176)
((12, 0, 12, 0), 0.03125)
((8, 0, 8, 4), 0.03125)
((4, 0, 4, 8), 0.03125)
((0, 0, 0, 12), 0.03125)
((1, 0, 0, 0), 0.028382301330566406)
((1, 0, 1, 1), 0.028382301330566406)


==================================


alpha = [0, 13, 0, 0]
P = [0.01]*7

((0, 4, 0, 0), 0.25)
((4, 4, 4, 0), 0.25)
((4, 0, 0, 0), 0.25)
((4, 0, 4, 0), 0.25)
((8, 8, 8, 0), 0.197265625)
((4, 4, 0, 0), 0.125)
((0, 4, 0, 4), 0.125)
((0, 0, 4, 0), 0.125)
((4, 0, 0, 4), 0.125)
((0, 0, 4, 4), 0.125)
((4, 0, 4, 4), 0.125)
((0, 4, 4, 4), 0.125)
((4, 4, 0, 4), 0.125)
((2, 2, 2, 0), 0.125)
((8, 0, 8, 0), 0.11328125)
((0, 8, 8, 8), 0.099609375)
((8, 0, 8, 8), 0.09765625)
((0, 0, 8, 8), 0.0859375)
((8, 0, 0, 0), 0.0859375)
((8, 8, 0, 8), 0.0859375)
((0, 0, 2, 2), 0.0625)
((2, 0, 2, 2), 0.0625)
((2, 0, 0, 0), 0.0625)
((2, 0, 2, 0), 0.0625)
((0, 2, 2, 2), 0.0625)